{
 "cells": [
  {
   "cell_type": "code",
   "execution_count": 1,
   "metadata": {},
   "outputs": [],
   "source": [
    "import pandas as pd\n",
    "pd.set_option('display.max_rows', 200)\n",
    "pd.set_option('display.max_columns', 100)  # 设置显示数据的最大列数，防止出现省略号…，导致数据显示不全\n",
    "pd.set_option('expand_frame_repr', False)  # 当列太多时不自动换行"
   ]
  },
  {
   "cell_type": "markdown",
   "metadata": {},
   "source": [
    "# load data"
   ]
  },
  {
   "cell_type": "code",
   "execution_count": 50,
   "metadata": {},
   "outputs": [],
   "source": [
    "df_sales = pd.read_csv('data_origin/train/train_sales_data.csv')\n",
    "df_search = pd.read_csv('data_origin/train/train_search_data.csv')\n",
    "df_user_reply = pd.read_csv('data_origin/train/train_user_reply_data.csv')\n",
    "\n",
    "df = pd.merge(df_sales, df_search, on='province adcode model regYear regMonth'.split())\n",
    "\n",
    "df = pd.merge(df, df_user_reply, on='model regYear regMonth'.split())"
   ]
  },
  {
   "cell_type": "code",
   "execution_count": 40,
   "metadata": {},
   "outputs": [
    {
     "data": {
      "text/html": [
       "<div>\n",
       "<style scoped>\n",
       "    .dataframe tbody tr th:only-of-type {\n",
       "        vertical-align: middle;\n",
       "    }\n",
       "\n",
       "    .dataframe tbody tr th {\n",
       "        vertical-align: top;\n",
       "    }\n",
       "\n",
       "    .dataframe thead th {\n",
       "        text-align: right;\n",
       "    }\n",
       "</style>\n",
       "<table border=\"1\" class=\"dataframe\">\n",
       "  <thead>\n",
       "    <tr style=\"text-align: right;\">\n",
       "      <th></th>\n",
       "      <th>province</th>\n",
       "      <th>adcode</th>\n",
       "      <th>model</th>\n",
       "      <th>bodyType</th>\n",
       "      <th>regYear</th>\n",
       "      <th>regMonth</th>\n",
       "      <th>salesVolume</th>\n",
       "      <th>popularity</th>\n",
       "      <th>carCommentVolum</th>\n",
       "      <th>newsReplyVolum</th>\n",
       "    </tr>\n",
       "  </thead>\n",
       "  <tbody>\n",
       "    <tr>\n",
       "      <th>0</th>\n",
       "      <td>上海</td>\n",
       "      <td>310000</td>\n",
       "      <td>3c974920a76ac9c1</td>\n",
       "      <td>SUV</td>\n",
       "      <td>2016</td>\n",
       "      <td>1</td>\n",
       "      <td>292</td>\n",
       "      <td>1479</td>\n",
       "      <td>11</td>\n",
       "      <td>106</td>\n",
       "    </tr>\n",
       "    <tr>\n",
       "      <th>1</th>\n",
       "      <td>云南</td>\n",
       "      <td>530000</td>\n",
       "      <td>3c974920a76ac9c1</td>\n",
       "      <td>SUV</td>\n",
       "      <td>2016</td>\n",
       "      <td>1</td>\n",
       "      <td>466</td>\n",
       "      <td>1594</td>\n",
       "      <td>11</td>\n",
       "      <td>106</td>\n",
       "    </tr>\n",
       "    <tr>\n",
       "      <th>2</th>\n",
       "      <td>内蒙古</td>\n",
       "      <td>150000</td>\n",
       "      <td>3c974920a76ac9c1</td>\n",
       "      <td>SUV</td>\n",
       "      <td>2016</td>\n",
       "      <td>1</td>\n",
       "      <td>257</td>\n",
       "      <td>1479</td>\n",
       "      <td>11</td>\n",
       "      <td>106</td>\n",
       "    </tr>\n",
       "    <tr>\n",
       "      <th>3</th>\n",
       "      <td>北京</td>\n",
       "      <td>110000</td>\n",
       "      <td>3c974920a76ac9c1</td>\n",
       "      <td>SUV</td>\n",
       "      <td>2016</td>\n",
       "      <td>1</td>\n",
       "      <td>408</td>\n",
       "      <td>2370</td>\n",
       "      <td>11</td>\n",
       "      <td>106</td>\n",
       "    </tr>\n",
       "    <tr>\n",
       "      <th>4</th>\n",
       "      <td>四川</td>\n",
       "      <td>510000</td>\n",
       "      <td>3c974920a76ac9c1</td>\n",
       "      <td>SUV</td>\n",
       "      <td>2016</td>\n",
       "      <td>1</td>\n",
       "      <td>610</td>\n",
       "      <td>3562</td>\n",
       "      <td>11</td>\n",
       "      <td>106</td>\n",
       "    </tr>\n",
       "  </tbody>\n",
       "</table>\n",
       "</div>"
      ],
      "text/plain": [
       "  province  adcode             model bodyType  regYear  regMonth  salesVolume  popularity  carCommentVolum  newsReplyVolum\n",
       "0       上海  310000  3c974920a76ac9c1      SUV     2016         1          292        1479               11             106\n",
       "1       云南  530000  3c974920a76ac9c1      SUV     2016         1          466        1594               11             106\n",
       "2      内蒙古  150000  3c974920a76ac9c1      SUV     2016         1          257        1479               11             106\n",
       "3       北京  110000  3c974920a76ac9c1      SUV     2016         1          408        2370               11             106\n",
       "4       四川  510000  3c974920a76ac9c1      SUV     2016         1          610        3562               11             106"
      ]
     },
     "execution_count": 40,
     "metadata": {},
     "output_type": "execute_result"
    }
   ],
   "source": [
    "df.head()"
   ]
  },
  {
   "cell_type": "code",
   "execution_count": 28,
   "metadata": {},
   "outputs": [
    {
     "data": {
      "text/html": [
       "<div>\n",
       "<style scoped>\n",
       "    .dataframe tbody tr th:only-of-type {\n",
       "        vertical-align: middle;\n",
       "    }\n",
       "\n",
       "    .dataframe tbody tr th {\n",
       "        vertical-align: top;\n",
       "    }\n",
       "\n",
       "    .dataframe thead th {\n",
       "        text-align: right;\n",
       "    }\n",
       "</style>\n",
       "<table border=\"1\" class=\"dataframe\">\n",
       "  <thead>\n",
       "    <tr style=\"text-align: right;\">\n",
       "      <th></th>\n",
       "      <th>province</th>\n",
       "      <th>adcode</th>\n",
       "      <th>model</th>\n",
       "      <th>bodyType</th>\n",
       "      <th>regYear</th>\n",
       "      <th>regMonth</th>\n",
       "      <th>salesVolume</th>\n",
       "      <th>popularity</th>\n",
       "      <th>carCommentVolum</th>\n",
       "      <th>newsReplyVolum</th>\n",
       "    </tr>\n",
       "  </thead>\n",
       "  <tbody>\n",
       "    <tr>\n",
       "      <th>31675</th>\n",
       "      <td>福建</td>\n",
       "      <td>350000</td>\n",
       "      <td>a9a43d1a7ecbe75d</td>\n",
       "      <td>SUV</td>\n",
       "      <td>2017</td>\n",
       "      <td>12</td>\n",
       "      <td>112</td>\n",
       "      <td>772</td>\n",
       "      <td>339</td>\n",
       "      <td>377</td>\n",
       "    </tr>\n",
       "    <tr>\n",
       "      <th>31676</th>\n",
       "      <td>辽宁</td>\n",
       "      <td>210000</td>\n",
       "      <td>a9a43d1a7ecbe75d</td>\n",
       "      <td>SUV</td>\n",
       "      <td>2017</td>\n",
       "      <td>12</td>\n",
       "      <td>104</td>\n",
       "      <td>1049</td>\n",
       "      <td>339</td>\n",
       "      <td>377</td>\n",
       "    </tr>\n",
       "    <tr>\n",
       "      <th>31677</th>\n",
       "      <td>重庆</td>\n",
       "      <td>500000</td>\n",
       "      <td>a9a43d1a7ecbe75d</td>\n",
       "      <td>SUV</td>\n",
       "      <td>2017</td>\n",
       "      <td>12</td>\n",
       "      <td>125</td>\n",
       "      <td>654</td>\n",
       "      <td>339</td>\n",
       "      <td>377</td>\n",
       "    </tr>\n",
       "    <tr>\n",
       "      <th>31678</th>\n",
       "      <td>陕西</td>\n",
       "      <td>610000</td>\n",
       "      <td>a9a43d1a7ecbe75d</td>\n",
       "      <td>SUV</td>\n",
       "      <td>2017</td>\n",
       "      <td>12</td>\n",
       "      <td>265</td>\n",
       "      <td>1516</td>\n",
       "      <td>339</td>\n",
       "      <td>377</td>\n",
       "    </tr>\n",
       "    <tr>\n",
       "      <th>31679</th>\n",
       "      <td>黑龙江</td>\n",
       "      <td>230000</td>\n",
       "      <td>a9a43d1a7ecbe75d</td>\n",
       "      <td>SUV</td>\n",
       "      <td>2017</td>\n",
       "      <td>12</td>\n",
       "      <td>58</td>\n",
       "      <td>736</td>\n",
       "      <td>339</td>\n",
       "      <td>377</td>\n",
       "    </tr>\n",
       "  </tbody>\n",
       "</table>\n",
       "</div>"
      ],
      "text/plain": [
       "      province  adcode             model bodyType  regYear  regMonth  salesVolume  popularity  carCommentVolum  newsReplyVolum\n",
       "31675       福建  350000  a9a43d1a7ecbe75d      SUV     2017        12          112         772              339             377\n",
       "31676       辽宁  210000  a9a43d1a7ecbe75d      SUV     2017        12          104        1049              339             377\n",
       "31677       重庆  500000  a9a43d1a7ecbe75d      SUV     2017        12          125         654              339             377\n",
       "31678       陕西  610000  a9a43d1a7ecbe75d      SUV     2017        12          265        1516              339             377\n",
       "31679      黑龙江  230000  a9a43d1a7ecbe75d      SUV     2017        12           58         736              339             377"
      ]
     },
     "execution_count": 28,
     "metadata": {},
     "output_type": "execute_result"
    }
   ],
   "source": [
    "df.tail()"
   ]
  },
  {
   "cell_type": "markdown",
   "metadata": {},
   "source": [
    "## test数据"
   ]
  },
  {
   "cell_type": "code",
   "execution_count": 51,
   "metadata": {},
   "outputs": [],
   "source": [
    "df_test = pd.read_csv('data_origin/evaluation_public.csv')\n",
    "# 添加bodyType\n",
    "dft = df[['bodyType', 'model']].drop_duplicates()\n",
    "df_test = pd.merge(df_test, dft, on='model', how='left')\n",
    "del dft\n",
    "\n",
    "df_test = df_test.rename(columns={'forecastVolum': 'salesVolume'})\n",
    "\n",
    "df = pd.concat([df, df_test], sort=False, ignore_index=True)"
   ]
  },
  {
   "cell_type": "code",
   "execution_count": 8,
   "metadata": {},
   "outputs": [],
   "source": [
    "# # add 'popularity', 'carCommentVolum', 'newsReplyVolum'\n",
    "# def t(s):\n",
    "#     return int(s.mean())\n",
    "# dfg = df.groupby('model regMonth'.split())[['popularity', 'carCommentVolum', 'newsReplyVolum']].agg(t)\n",
    "\n",
    "# df_test = pd.merge(df_test, dfg, left_on='model regMonth'.split(), right_index=True, how='left')"
   ]
  },
  {
   "cell_type": "code",
   "execution_count": 52,
   "metadata": {},
   "outputs": [],
   "source": [
    "del df['adcode']"
   ]
  },
  {
   "cell_type": "code",
   "execution_count": 53,
   "metadata": {},
   "outputs": [],
   "source": [
    "cols_cat = ['province', 'model', 'bodyType', 'regYear', 'regMonth']\n",
    "cols_num = ['popularity', 'carCommentVolum', 'newsReplyVolum']\n",
    "label = 'salesVolume'"
   ]
  },
  {
   "cell_type": "markdown",
   "metadata": {},
   "source": [
    "# time_id"
   ]
  },
  {
   "cell_type": "code",
   "execution_count": 54,
   "metadata": {},
   "outputs": [],
   "source": [
    "df['t'] = 0\n",
    "df.loc[df.regYear==2017, 't'] = 12\n",
    "df.loc[df.regYear==2018, 't'] = 24\n",
    "df['time_id'] = df.regMonth + df.t\n",
    "df['time_id'] = df.time_id.map(int)\n",
    "del df['t']"
   ]
  },
  {
   "cell_type": "markdown",
   "metadata": {},
   "source": [
    "# 强相关特征"
   ]
  },
  {
   "cell_type": "markdown",
   "metadata": {},
   "source": [
    "## 历史月数据 salesVolume | popularity"
   ]
  },
  {
   "cell_type": "code",
   "execution_count": 15,
   "metadata": {},
   "outputs": [],
   "source": [
    "# def ft(col, df_, n):\n",
    "#     df.loc[:, f'{col}_last_{n}'] = df.groupby('province model'.split())[col].shift(n)"
   ]
  },
  {
   "cell_type": "code",
   "execution_count": 16,
   "metadata": {},
   "outputs": [],
   "source": [
    "# colst1 = ['salesVolume']\n",
    "# colst2 = ['salesVolume', 'popularity']\n",
    "# for i in range(6):\n",
    "#     df.loc[:, f'salesVolume_last_{i+1}'] = df.groupby('province model'.split())['salesVolume'].shift(i+1)\n",
    "#     df.loc[:, f'popularity_last_{i+1}'] = df.groupby('province model'.split())['popularity'].shift(i+1)\n",
    "#     colst1.extend([f'salesVolume_last_{i+1}'])\n",
    "#     colst2.extend([f'popularity_last_{i+1}'])"
   ]
  },
  {
   "cell_type": "code",
   "execution_count": 55,
   "metadata": {},
   "outputs": [],
   "source": [
    "# colst1 = ['salesVolume']\n",
    "# colst2 = ['salesVolume', 'popularity']\n",
    "for i in range(6):\n",
    "    df.loc[:, f'salesVolume_last_{i+1}'] = df.groupby('province model'.split())['salesVolume'].shift(i+1)\n",
    "#     colst1.extend([f'salesVolume_last_{i+1}'])\n",
    "#     df.loc[:, f'popularity_last_{i+1}'] = df.groupby('province model'.split())['popularity'].shift(i+1)\n",
    "#     colst2.extend([f'popularity_last_{i+1}'])"
   ]
  },
  {
   "cell_type": "code",
   "execution_count": 44,
   "metadata": {},
   "outputs": [
    {
     "data": {
      "text/html": [
       "<div>\n",
       "<style scoped>\n",
       "    .dataframe tbody tr th:only-of-type {\n",
       "        vertical-align: middle;\n",
       "    }\n",
       "\n",
       "    .dataframe tbody tr th {\n",
       "        vertical-align: top;\n",
       "    }\n",
       "\n",
       "    .dataframe thead th {\n",
       "        text-align: right;\n",
       "    }\n",
       "</style>\n",
       "<table border=\"1\" class=\"dataframe\">\n",
       "  <thead>\n",
       "    <tr style=\"text-align: right;\">\n",
       "      <th></th>\n",
       "      <th>salesVolume</th>\n",
       "      <th>salesVolume_last_1</th>\n",
       "      <th>salesVolume_last_2</th>\n",
       "      <th>salesVolume_last_3</th>\n",
       "      <th>salesVolume_last_4</th>\n",
       "      <th>salesVolume_last_5</th>\n",
       "      <th>salesVolume_last_6</th>\n",
       "      <th>salesVolume_last_7</th>\n",
       "      <th>salesVolume_last_8</th>\n",
       "      <th>salesVolume_last_9</th>\n",
       "      <th>salesVolume_last_10</th>\n",
       "      <th>salesVolume_last_11</th>\n",
       "      <th>salesVolume_last_12</th>\n",
       "    </tr>\n",
       "  </thead>\n",
       "  <tbody>\n",
       "    <tr>\n",
       "      <th>salesVolume</th>\n",
       "      <td>1.000000</td>\n",
       "      <td>0.906629</td>\n",
       "      <td>0.869059</td>\n",
       "      <td>0.857891</td>\n",
       "      <td>0.843783</td>\n",
       "      <td>0.811136</td>\n",
       "      <td>0.795037</td>\n",
       "      <td>0.797457</td>\n",
       "      <td>0.799980</td>\n",
       "      <td>0.791562</td>\n",
       "      <td>0.786466</td>\n",
       "      <td>0.871551</td>\n",
       "      <td>0.924145</td>\n",
       "    </tr>\n",
       "    <tr>\n",
       "      <th>salesVolume_last_1</th>\n",
       "      <td>0.906629</td>\n",
       "      <td>1.000000</td>\n",
       "      <td>0.907406</td>\n",
       "      <td>0.869899</td>\n",
       "      <td>0.857840</td>\n",
       "      <td>0.843405</td>\n",
       "      <td>0.813241</td>\n",
       "      <td>0.799413</td>\n",
       "      <td>0.800579</td>\n",
       "      <td>0.808090</td>\n",
       "      <td>0.801559</td>\n",
       "      <td>0.826100</td>\n",
       "      <td>0.896174</td>\n",
       "    </tr>\n",
       "    <tr>\n",
       "      <th>salesVolume_last_2</th>\n",
       "      <td>0.869059</td>\n",
       "      <td>0.907406</td>\n",
       "      <td>1.000000</td>\n",
       "      <td>0.903304</td>\n",
       "      <td>0.863638</td>\n",
       "      <td>0.851599</td>\n",
       "      <td>0.838451</td>\n",
       "      <td>0.808118</td>\n",
       "      <td>0.791932</td>\n",
       "      <td>0.795259</td>\n",
       "      <td>0.803183</td>\n",
       "      <td>0.814819</td>\n",
       "      <td>0.828754</td>\n",
       "    </tr>\n",
       "    <tr>\n",
       "      <th>salesVolume_last_3</th>\n",
       "      <td>0.857891</td>\n",
       "      <td>0.869899</td>\n",
       "      <td>0.903304</td>\n",
       "      <td>1.000000</td>\n",
       "      <td>0.898933</td>\n",
       "      <td>0.857736</td>\n",
       "      <td>0.846812</td>\n",
       "      <td>0.834212</td>\n",
       "      <td>0.800972</td>\n",
       "      <td>0.785714</td>\n",
       "      <td>0.788603</td>\n",
       "      <td>0.812264</td>\n",
       "      <td>0.815255</td>\n",
       "    </tr>\n",
       "    <tr>\n",
       "      <th>salesVolume_last_4</th>\n",
       "      <td>0.843783</td>\n",
       "      <td>0.857840</td>\n",
       "      <td>0.863638</td>\n",
       "      <td>0.898933</td>\n",
       "      <td>1.000000</td>\n",
       "      <td>0.893562</td>\n",
       "      <td>0.852345</td>\n",
       "      <td>0.841959</td>\n",
       "      <td>0.828121</td>\n",
       "      <td>0.794896</td>\n",
       "      <td>0.778033</td>\n",
       "      <td>0.799778</td>\n",
       "      <td>0.814890</td>\n",
       "    </tr>\n",
       "    <tr>\n",
       "      <th>salesVolume_last_5</th>\n",
       "      <td>0.811136</td>\n",
       "      <td>0.843405</td>\n",
       "      <td>0.851599</td>\n",
       "      <td>0.857736</td>\n",
       "      <td>0.893562</td>\n",
       "      <td>1.000000</td>\n",
       "      <td>0.889259</td>\n",
       "      <td>0.846941</td>\n",
       "      <td>0.835463</td>\n",
       "      <td>0.822917</td>\n",
       "      <td>0.787511</td>\n",
       "      <td>0.787659</td>\n",
       "      <td>0.801774</td>\n",
       "    </tr>\n",
       "    <tr>\n",
       "      <th>salesVolume_last_6</th>\n",
       "      <td>0.795037</td>\n",
       "      <td>0.813241</td>\n",
       "      <td>0.838451</td>\n",
       "      <td>0.846812</td>\n",
       "      <td>0.852345</td>\n",
       "      <td>0.889259</td>\n",
       "      <td>1.000000</td>\n",
       "      <td>0.885213</td>\n",
       "      <td>0.840501</td>\n",
       "      <td>0.829728</td>\n",
       "      <td>0.816906</td>\n",
       "      <td>0.791948</td>\n",
       "      <td>0.786247</td>\n",
       "    </tr>\n",
       "    <tr>\n",
       "      <th>salesVolume_last_7</th>\n",
       "      <td>0.797457</td>\n",
       "      <td>0.799413</td>\n",
       "      <td>0.808118</td>\n",
       "      <td>0.834212</td>\n",
       "      <td>0.841959</td>\n",
       "      <td>0.846941</td>\n",
       "      <td>0.885213</td>\n",
       "      <td>1.000000</td>\n",
       "      <td>0.880839</td>\n",
       "      <td>0.834175</td>\n",
       "      <td>0.823003</td>\n",
       "      <td>0.820900</td>\n",
       "      <td>0.790368</td>\n",
       "    </tr>\n",
       "    <tr>\n",
       "      <th>salesVolume_last_8</th>\n",
       "      <td>0.799980</td>\n",
       "      <td>0.800579</td>\n",
       "      <td>0.791932</td>\n",
       "      <td>0.800972</td>\n",
       "      <td>0.828121</td>\n",
       "      <td>0.835463</td>\n",
       "      <td>0.840501</td>\n",
       "      <td>0.880839</td>\n",
       "      <td>1.000000</td>\n",
       "      <td>0.876364</td>\n",
       "      <td>0.827327</td>\n",
       "      <td>0.826610</td>\n",
       "      <td>0.819531</td>\n",
       "    </tr>\n",
       "    <tr>\n",
       "      <th>salesVolume_last_9</th>\n",
       "      <td>0.791562</td>\n",
       "      <td>0.808090</td>\n",
       "      <td>0.795259</td>\n",
       "      <td>0.785714</td>\n",
       "      <td>0.794896</td>\n",
       "      <td>0.822917</td>\n",
       "      <td>0.829728</td>\n",
       "      <td>0.834175</td>\n",
       "      <td>0.876364</td>\n",
       "      <td>1.000000</td>\n",
       "      <td>0.871424</td>\n",
       "      <td>0.829137</td>\n",
       "      <td>0.825715</td>\n",
       "    </tr>\n",
       "    <tr>\n",
       "      <th>salesVolume_last_10</th>\n",
       "      <td>0.786466</td>\n",
       "      <td>0.801559</td>\n",
       "      <td>0.803183</td>\n",
       "      <td>0.788603</td>\n",
       "      <td>0.778033</td>\n",
       "      <td>0.787511</td>\n",
       "      <td>0.816906</td>\n",
       "      <td>0.823003</td>\n",
       "      <td>0.827327</td>\n",
       "      <td>0.871424</td>\n",
       "      <td>1.000000</td>\n",
       "      <td>0.875847</td>\n",
       "      <td>0.828541</td>\n",
       "    </tr>\n",
       "    <tr>\n",
       "      <th>salesVolume_last_11</th>\n",
       "      <td>0.871551</td>\n",
       "      <td>0.826100</td>\n",
       "      <td>0.814819</td>\n",
       "      <td>0.812264</td>\n",
       "      <td>0.799778</td>\n",
       "      <td>0.787659</td>\n",
       "      <td>0.791948</td>\n",
       "      <td>0.820900</td>\n",
       "      <td>0.826610</td>\n",
       "      <td>0.829137</td>\n",
       "      <td>0.875847</td>\n",
       "      <td>1.000000</td>\n",
       "      <td>0.879807</td>\n",
       "    </tr>\n",
       "    <tr>\n",
       "      <th>salesVolume_last_12</th>\n",
       "      <td>0.924145</td>\n",
       "      <td>0.896174</td>\n",
       "      <td>0.828754</td>\n",
       "      <td>0.815255</td>\n",
       "      <td>0.814890</td>\n",
       "      <td>0.801774</td>\n",
       "      <td>0.786247</td>\n",
       "      <td>0.790368</td>\n",
       "      <td>0.819531</td>\n",
       "      <td>0.825715</td>\n",
       "      <td>0.828541</td>\n",
       "      <td>0.879807</td>\n",
       "      <td>1.000000</td>\n",
       "    </tr>\n",
       "  </tbody>\n",
       "</table>\n",
       "</div>"
      ],
      "text/plain": [
       "                     salesVolume  salesVolume_last_1  salesVolume_last_2  salesVolume_last_3  salesVolume_last_4  salesVolume_last_5  salesVolume_last_6  salesVolume_last_7  salesVolume_last_8  salesVolume_last_9  salesVolume_last_10  salesVolume_last_11  salesVolume_last_12\n",
       "salesVolume             1.000000            0.906629            0.869059            0.857891            0.843783            0.811136            0.795037            0.797457            0.799980            0.791562             0.786466             0.871551             0.924145\n",
       "salesVolume_last_1      0.906629            1.000000            0.907406            0.869899            0.857840            0.843405            0.813241            0.799413            0.800579            0.808090             0.801559             0.826100             0.896174\n",
       "salesVolume_last_2      0.869059            0.907406            1.000000            0.903304            0.863638            0.851599            0.838451            0.808118            0.791932            0.795259             0.803183             0.814819             0.828754\n",
       "salesVolume_last_3      0.857891            0.869899            0.903304            1.000000            0.898933            0.857736            0.846812            0.834212            0.800972            0.785714             0.788603             0.812264             0.815255\n",
       "salesVolume_last_4      0.843783            0.857840            0.863638            0.898933            1.000000            0.893562            0.852345            0.841959            0.828121            0.794896             0.778033             0.799778             0.814890\n",
       "salesVolume_last_5      0.811136            0.843405            0.851599            0.857736            0.893562            1.000000            0.889259            0.846941            0.835463            0.822917             0.787511             0.787659             0.801774\n",
       "salesVolume_last_6      0.795037            0.813241            0.838451            0.846812            0.852345            0.889259            1.000000            0.885213            0.840501            0.829728             0.816906             0.791948             0.786247\n",
       "salesVolume_last_7      0.797457            0.799413            0.808118            0.834212            0.841959            0.846941            0.885213            1.000000            0.880839            0.834175             0.823003             0.820900             0.790368\n",
       "salesVolume_last_8      0.799980            0.800579            0.791932            0.800972            0.828121            0.835463            0.840501            0.880839            1.000000            0.876364             0.827327             0.826610             0.819531\n",
       "salesVolume_last_9      0.791562            0.808090            0.795259            0.785714            0.794896            0.822917            0.829728            0.834175            0.876364            1.000000             0.871424             0.829137             0.825715\n",
       "salesVolume_last_10     0.786466            0.801559            0.803183            0.788603            0.778033            0.787511            0.816906            0.823003            0.827327            0.871424             1.000000             0.875847             0.828541\n",
       "salesVolume_last_11     0.871551            0.826100            0.814819            0.812264            0.799778            0.787659            0.791948            0.820900            0.826610            0.829137             0.875847             1.000000             0.879807\n",
       "salesVolume_last_12     0.924145            0.896174            0.828754            0.815255            0.814890            0.801774            0.786247            0.790368            0.819531            0.825715             0.828541             0.879807             1.000000"
      ]
     },
     "execution_count": 44,
     "metadata": {},
     "output_type": "execute_result"
    }
   ],
   "source": [
    "df[colst1].corr()"
   ]
  },
  {
   "cell_type": "markdown",
   "metadata": {},
   "source": [
    "## 前n个月的累计值 salesVolume | popularity"
   ]
  },
  {
   "cell_type": "code",
   "execution_count": 56,
   "metadata": {},
   "outputs": [],
   "source": [
    "# colst1 = ['salesVolume', 'popularity']\n",
    "# colst2 = ['salesVolume', 'popularity']\n",
    "for i in range(2, 6):\n",
    "    df.loc[:, f'salesVolume_sum_{i}'] = df.groupby('province model'.split())['salesVolume'].rolling(i).sum().reset_index('province model'.split(), drop=True)\n",
    "    df.loc[:, f'salesVolume_sum_{i}'] = df.groupby('province model'.split())[f'salesVolume_sum_{i}'].shift(1)\n",
    "    \n",
    "#     df.loc[:, f'popularity_sum_{i}'] = df.groupby('province model'.split())['popularity'].rolling(i).sum().reset_index('province model'.split(), drop=True)\n",
    "#     df.loc[:, f'popularity_sum_{i}'] = df.groupby('province model'.split())[f'popularity_sum_{i}'].shift(1)\n",
    "    \n",
    "#     colst1.extend([f'salesVolume_sum_{i}'])\n",
    "#     colst2.extend([f'popularity_sum_{i}'])"
   ]
  },
  {
   "cell_type": "code",
   "execution_count": 92,
   "metadata": {},
   "outputs": [
    {
     "data": {
      "text/html": [
       "<div>\n",
       "<style scoped>\n",
       "    .dataframe tbody tr th:only-of-type {\n",
       "        vertical-align: middle;\n",
       "    }\n",
       "\n",
       "    .dataframe tbody tr th {\n",
       "        vertical-align: top;\n",
       "    }\n",
       "\n",
       "    .dataframe thead th {\n",
       "        text-align: right;\n",
       "    }\n",
       "</style>\n",
       "<table border=\"1\" class=\"dataframe\">\n",
       "  <thead>\n",
       "    <tr style=\"text-align: right;\">\n",
       "      <th></th>\n",
       "      <th>salesVolume</th>\n",
       "      <th>popularity</th>\n",
       "      <th>salesVolume_sum_2</th>\n",
       "      <th>salesVolume_sum_3</th>\n",
       "      <th>salesVolume_sum_4</th>\n",
       "      <th>salesVolume_sum_5</th>\n",
       "    </tr>\n",
       "  </thead>\n",
       "  <tbody>\n",
       "    <tr>\n",
       "      <th>salesVolume</th>\n",
       "      <td>1.000000</td>\n",
       "      <td>0.474152</td>\n",
       "      <td>0.917529</td>\n",
       "      <td>0.917912</td>\n",
       "      <td>0.916105</td>\n",
       "      <td>0.908731</td>\n",
       "    </tr>\n",
       "    <tr>\n",
       "      <th>popularity</th>\n",
       "      <td>0.474152</td>\n",
       "      <td>1.000000</td>\n",
       "      <td>0.485585</td>\n",
       "      <td>0.490227</td>\n",
       "      <td>0.492200</td>\n",
       "      <td>0.491176</td>\n",
       "    </tr>\n",
       "    <tr>\n",
       "      <th>salesVolume_sum_2</th>\n",
       "      <td>0.917529</td>\n",
       "      <td>0.485585</td>\n",
       "      <td>1.000000</td>\n",
       "      <td>0.988983</td>\n",
       "      <td>0.980060</td>\n",
       "      <td>0.972894</td>\n",
       "    </tr>\n",
       "    <tr>\n",
       "      <th>salesVolume_sum_3</th>\n",
       "      <td>0.917912</td>\n",
       "      <td>0.490227</td>\n",
       "      <td>0.988983</td>\n",
       "      <td>1.000000</td>\n",
       "      <td>0.993642</td>\n",
       "      <td>0.987354</td>\n",
       "    </tr>\n",
       "    <tr>\n",
       "      <th>salesVolume_sum_4</th>\n",
       "      <td>0.916105</td>\n",
       "      <td>0.492200</td>\n",
       "      <td>0.980060</td>\n",
       "      <td>0.993642</td>\n",
       "      <td>1.000000</td>\n",
       "      <td>0.995750</td>\n",
       "    </tr>\n",
       "    <tr>\n",
       "      <th>salesVolume_sum_5</th>\n",
       "      <td>0.908731</td>\n",
       "      <td>0.491176</td>\n",
       "      <td>0.972894</td>\n",
       "      <td>0.987354</td>\n",
       "      <td>0.995750</td>\n",
       "      <td>1.000000</td>\n",
       "    </tr>\n",
       "  </tbody>\n",
       "</table>\n",
       "</div>"
      ],
      "text/plain": [
       "                   salesVolume  popularity  salesVolume_sum_2  salesVolume_sum_3  salesVolume_sum_4  salesVolume_sum_5\n",
       "salesVolume           1.000000    0.474152           0.917529           0.917912           0.916105           0.908731\n",
       "popularity            0.474152    1.000000           0.485585           0.490227           0.492200           0.491176\n",
       "salesVolume_sum_2     0.917529    0.485585           1.000000           0.988983           0.980060           0.972894\n",
       "salesVolume_sum_3     0.917912    0.490227           0.988983           1.000000           0.993642           0.987354\n",
       "salesVolume_sum_4     0.916105    0.492200           0.980060           0.993642           1.000000           0.995750\n",
       "salesVolume_sum_5     0.908731    0.491176           0.972894           0.987354           0.995750           1.000000"
      ]
     },
     "execution_count": 92,
     "metadata": {},
     "output_type": "execute_result"
    }
   ],
   "source": [
    "df[colst1].corr()"
   ]
  },
  {
   "cell_type": "code",
   "execution_count": 93,
   "metadata": {},
   "outputs": [
    {
     "data": {
      "text/html": [
       "<div>\n",
       "<style scoped>\n",
       "    .dataframe tbody tr th:only-of-type {\n",
       "        vertical-align: middle;\n",
       "    }\n",
       "\n",
       "    .dataframe tbody tr th {\n",
       "        vertical-align: top;\n",
       "    }\n",
       "\n",
       "    .dataframe thead th {\n",
       "        text-align: right;\n",
       "    }\n",
       "</style>\n",
       "<table border=\"1\" class=\"dataframe\">\n",
       "  <thead>\n",
       "    <tr style=\"text-align: right;\">\n",
       "      <th></th>\n",
       "      <th>salesVolume</th>\n",
       "      <th>popularity</th>\n",
       "      <th>popularity_sum_2</th>\n",
       "      <th>popularity_sum_3</th>\n",
       "      <th>popularity_sum_4</th>\n",
       "      <th>popularity_sum_5</th>\n",
       "    </tr>\n",
       "  </thead>\n",
       "  <tbody>\n",
       "    <tr>\n",
       "      <th>salesVolume</th>\n",
       "      <td>1.000000</td>\n",
       "      <td>0.474152</td>\n",
       "      <td>0.486602</td>\n",
       "      <td>0.492305</td>\n",
       "      <td>0.493733</td>\n",
       "      <td>0.493911</td>\n",
       "    </tr>\n",
       "    <tr>\n",
       "      <th>popularity</th>\n",
       "      <td>0.474152</td>\n",
       "      <td>1.000000</td>\n",
       "      <td>0.827553</td>\n",
       "      <td>0.812140</td>\n",
       "      <td>0.802557</td>\n",
       "      <td>0.794597</td>\n",
       "    </tr>\n",
       "    <tr>\n",
       "      <th>popularity_sum_2</th>\n",
       "      <td>0.486602</td>\n",
       "      <td>0.827553</td>\n",
       "      <td>1.000000</td>\n",
       "      <td>0.981814</td>\n",
       "      <td>0.957805</td>\n",
       "      <td>0.939753</td>\n",
       "    </tr>\n",
       "    <tr>\n",
       "      <th>popularity_sum_3</th>\n",
       "      <td>0.492305</td>\n",
       "      <td>0.812140</td>\n",
       "      <td>0.981814</td>\n",
       "      <td>1.000000</td>\n",
       "      <td>0.988921</td>\n",
       "      <td>0.972504</td>\n",
       "    </tr>\n",
       "    <tr>\n",
       "      <th>popularity_sum_4</th>\n",
       "      <td>0.493733</td>\n",
       "      <td>0.802557</td>\n",
       "      <td>0.957805</td>\n",
       "      <td>0.988921</td>\n",
       "      <td>1.000000</td>\n",
       "      <td>0.992499</td>\n",
       "    </tr>\n",
       "    <tr>\n",
       "      <th>popularity_sum_5</th>\n",
       "      <td>0.493911</td>\n",
       "      <td>0.794597</td>\n",
       "      <td>0.939753</td>\n",
       "      <td>0.972504</td>\n",
       "      <td>0.992499</td>\n",
       "      <td>1.000000</td>\n",
       "    </tr>\n",
       "  </tbody>\n",
       "</table>\n",
       "</div>"
      ],
      "text/plain": [
       "                  salesVolume  popularity  popularity_sum_2  popularity_sum_3  popularity_sum_4  popularity_sum_5\n",
       "salesVolume          1.000000    0.474152          0.486602          0.492305          0.493733          0.493911\n",
       "popularity           0.474152    1.000000          0.827553          0.812140          0.802557          0.794597\n",
       "popularity_sum_2     0.486602    0.827553          1.000000          0.981814          0.957805          0.939753\n",
       "popularity_sum_3     0.492305    0.812140          0.981814          1.000000          0.988921          0.972504\n",
       "popularity_sum_4     0.493733    0.802557          0.957805          0.988921          1.000000          0.992499\n",
       "popularity_sum_5     0.493911    0.794597          0.939753          0.972504          0.992499          1.000000"
      ]
     },
     "execution_count": 93,
     "metadata": {},
     "output_type": "execute_result"
    }
   ],
   "source": [
    "df[colst2].corr()"
   ]
  },
  {
   "cell_type": "markdown",
   "metadata": {},
   "source": [
    "# 趋势特征"
   ]
  },
  {
   "cell_type": "markdown",
   "metadata": {},
   "source": [
    "## 与前n个月差值"
   ]
  },
  {
   "cell_type": "code",
   "execution_count": 57,
   "metadata": {},
   "outputs": [],
   "source": [
    "# colst1 = ['salesVolume']\n",
    "# colst2 = ['salesVolume']\n",
    "# colst3 = ['salesVolume']\n",
    "# colst4 = ['salesVolume']\n",
    "for i in range(1, 6):\n",
    "    df.loc[:, f'salesVolume_diff_{i}_{i+1}'] = df[f'salesVolume_last_{i}'] - df[f'salesVolume_last_{i+1}']\n",
    "#     df.loc[:, f'salesVolume_diff_{i}_{i+1}'] = df.groupby('province model'.split())[f'salesVolume_diff_{i}_{i+1}'].shift(1)\n",
    "    df.loc[:, f'salesVolume_diff_{i}_{i+1}_ratio'] = df.loc[:, f'salesVolume_diff_{i}_{i+1}']/(df[f'salesVolume_last_{i+1}']+1)\n",
    "    \n",
    "#     df.loc[:, f'popularity_diff_{i+1}'] = df.salesVolume - df[f'popularity_last_{i+1}']\n",
    "#     df.loc[:, f'popularity_diff_{i+1}'] = df.groupby('province model'.split())[f'popularity_diff_{i+1}'].shift(1)\n",
    "#     df.loc[:, f'popularity_diff_{i+1}_ratio'] = df.loc[:, f'popularity_diff_{i+1}']/(df.loc[:, f'popularity']+1)\n",
    "    \n",
    "#     colst1.append(f'salesVolume_diff_{i+1}')\n",
    "#     colst2.append(f'salesVolume_diff_{i+1}_ratio')\n",
    "#     colst3.append(f'popularity_diff_{i+1}')\n",
    "#     colst4.append(f'popularity_diff_{i+1}_ratio')"
   ]
  },
  {
   "cell_type": "code",
   "execution_count": 75,
   "metadata": {},
   "outputs": [
    {
     "data": {
      "text/html": [
       "<div>\n",
       "<style scoped>\n",
       "    .dataframe tbody tr th:only-of-type {\n",
       "        vertical-align: middle;\n",
       "    }\n",
       "\n",
       "    .dataframe tbody tr th {\n",
       "        vertical-align: top;\n",
       "    }\n",
       "\n",
       "    .dataframe thead th {\n",
       "        text-align: right;\n",
       "    }\n",
       "</style>\n",
       "<table border=\"1\" class=\"dataframe\">\n",
       "  <thead>\n",
       "    <tr style=\"text-align: right;\">\n",
       "      <th></th>\n",
       "      <th>salesVolume</th>\n",
       "      <th>salesVolume_diff_1</th>\n",
       "      <th>salesVolume_diff_2</th>\n",
       "      <th>salesVolume_diff_3</th>\n",
       "      <th>salesVolume_diff_4</th>\n",
       "      <th>salesVolume_diff_5</th>\n",
       "      <th>salesVolume_diff_6</th>\n",
       "    </tr>\n",
       "  </thead>\n",
       "  <tbody>\n",
       "    <tr>\n",
       "      <th>salesVolume</th>\n",
       "      <td>1.000000</td>\n",
       "      <td>0.107910</td>\n",
       "      <td>0.147728</td>\n",
       "      <td>0.186884</td>\n",
       "      <td>0.254450</td>\n",
       "      <td>0.259428</td>\n",
       "      <td>0.249010</td>\n",
       "    </tr>\n",
       "    <tr>\n",
       "      <th>salesVolume_diff_1</th>\n",
       "      <td>0.107910</td>\n",
       "      <td>1.000000</td>\n",
       "      <td>0.557657</td>\n",
       "      <td>0.394564</td>\n",
       "      <td>0.394201</td>\n",
       "      <td>0.432899</td>\n",
       "      <td>0.360183</td>\n",
       "    </tr>\n",
       "    <tr>\n",
       "      <th>salesVolume_diff_2</th>\n",
       "      <td>0.147728</td>\n",
       "      <td>0.557657</td>\n",
       "      <td>1.000000</td>\n",
       "      <td>0.633690</td>\n",
       "      <td>0.511264</td>\n",
       "      <td>0.535180</td>\n",
       "      <td>0.525734</td>\n",
       "    </tr>\n",
       "    <tr>\n",
       "      <th>salesVolume_diff_3</th>\n",
       "      <td>0.186884</td>\n",
       "      <td>0.394564</td>\n",
       "      <td>0.633690</td>\n",
       "      <td>1.000000</td>\n",
       "      <td>0.654475</td>\n",
       "      <td>0.563027</td>\n",
       "      <td>0.559776</td>\n",
       "    </tr>\n",
       "    <tr>\n",
       "      <th>salesVolume_diff_4</th>\n",
       "      <td>0.254450</td>\n",
       "      <td>0.394201</td>\n",
       "      <td>0.511264</td>\n",
       "      <td>0.654475</td>\n",
       "      <td>1.000000</td>\n",
       "      <td>0.696295</td>\n",
       "      <td>0.595192</td>\n",
       "    </tr>\n",
       "    <tr>\n",
       "      <th>salesVolume_diff_5</th>\n",
       "      <td>0.259428</td>\n",
       "      <td>0.432899</td>\n",
       "      <td>0.535180</td>\n",
       "      <td>0.563027</td>\n",
       "      <td>0.696295</td>\n",
       "      <td>1.000000</td>\n",
       "      <td>0.719325</td>\n",
       "    </tr>\n",
       "    <tr>\n",
       "      <th>salesVolume_diff_6</th>\n",
       "      <td>0.249010</td>\n",
       "      <td>0.360183</td>\n",
       "      <td>0.525734</td>\n",
       "      <td>0.559776</td>\n",
       "      <td>0.595192</td>\n",
       "      <td>0.719325</td>\n",
       "      <td>1.000000</td>\n",
       "    </tr>\n",
       "  </tbody>\n",
       "</table>\n",
       "</div>"
      ],
      "text/plain": [
       "                    salesVolume  salesVolume_diff_1  salesVolume_diff_2  salesVolume_diff_3  salesVolume_diff_4  salesVolume_diff_5  salesVolume_diff_6\n",
